framework: lightgbm
hyperparameters:
  colsample_bytree: 0.6066081804708111
  learning_rate: 0.008535633844517027
  max_depth: 13
  min_child_samples: 21
  min_split_gain: 0.43601254903789377
  n_estimators: 650
  num_leaves: 13
  reg_alpha: 0.15703551247124883
  reg_lambda: 2.884795719882881
  scale_pos_weight: 1.710339753731322
  subsample: 0.7580026562631494
  subsample_freq: 4
model_name: LightGBM
notes: Retrained on combined train+val split (70+15% of data)
optimal_threshold: 0.44719585713222765
task: binary_classification
test_auc: 0.8406
threshold_optimization_method: precision_recall_curve (F1-maximized)
